37,3
37,2
37,1
37,0
36,4
36,3
36,2
36,1
36,0
0,440
0,439
0,438
35,4
35,3
35,2
35,1
35,0
0,437
0,436
0,435
0,434
0,433
0,432
0,431
0,430
0,429
34,3
34,2
0,428
34,1
34,0
0,427
0,426
0,425
33,4
0,424
0,423
0,422
33,3
33,2
0,421
33,1
33,0
0,420
0,419
0,418
0,417
0,416
0,415
32,4
0,414
0,413
0,412
32,3
32,2
0,411
32,1
32,0
0,410
0,409
0,408
0,407
0,406
0,405
0,404
0,403
0,402
31,3
31,2
0,401
31,1
31,0
0,400
0,399
0,398
30,4
0,397
0,396
0,395
30,3
30,2
0,394
30,1
30,0
0,393
0,392
0,391
29,4
29,3
29,2
29,1
29,0
0,390
0,389
0,388
0,387
0,386
0,385
28,3
28,2
28,1
28,0
27,4
27,3
27,2
0,384
27,1
27,0
26,3
26,2
26,1
26,0
0,319
0,318
25,4
25,3
25,2
25,1
25,0
0,278
0,317
0,316
0,283
23,55
23,54
23,53
24,3
24,2
0,9
24,1
24,0
23,52
23,51
23,50
23,49
23,48
23,47
23,46
23,45
23,44
23,43
23,42
23,41
23,40
23,39
